Algorithm runtimes for a shuffled list of 10,000 numbers:

['selectionSort',   
5.484375, 
5.6875, 	
5.4375, 
5.390625, 
5.53125, 
5.453125, 
5.453125, 
5.40625, 
5.859375, 
5.5]

['selectionSortCE', 
5.609375, 
5.5625, 
5.390625, 
5.5, 
5.515625, 
5.46875, 
5.46875, 
5.40625, 
5.65625, 
5.484375]

['insertionSort',   
12.578125, 
12.390625, 
12.4375, 
12.375, 
12.421875, 
12.484375, 
12.34375, 
12.375, 
12.6875, 
12.328125]

['heapSort',        
0.09375, 
0.09375, 
0.09375, 
0.09375, 
0.09375, 
0.09375, 
0.09375, 
0.09375, 
0.09375, 
0.09375]

['mergeSort',       
0.109375, 
0.09375, 
0.109375, 
0.125, 
0.109375, 
0.09375, 
0.109375, 
0.109375, 
0.109375, 
0.109375]

['quickSort', 
0.0625, 
0.0625, 
0.0625, 
0.0625, 
0.046875, 
0.0625, 
0.0625, 
0.046875, 
0.046875, 
0.046875]

['selectionSort', 5.484375, 5.6875, 5.4375, 5.390625, 5.53125, 5.453125, 5.453125, 5.40625, 5.859375, 5.5]
['selectionSortCE', 5.609375, 5.5625, 5.390625, 5.5, 5.515625, 5.46875, 5.46875, 5.40625, 5.65625, 5.484375]
['insertionSort', 12.578125, 12.390625, 12.4375, 12.375, 12.421875, 12.484375, 12.34375, 12.375, 12.6875, 12.328125]
['heapSort', 0.09375, 0.09375, 0.09375, 0.09375, 0.09375, 0.09375, 0.09375, 0.09375, 0.09375, 0.09375]
['mergeSort', 0.109375, 0.09375, 0.109375, 0.125, 0.109375, 0.09375, 0.109375, 0.109375, 0.109375, 0.109375]
['quickSort', 0.0625, 0.0625, 0.0625, 0.0625, 0.046875, 0.0625, 0.0625, 0.046875, 0.046875, 0.046875]

averages: [['selectionSort', 5.5203125],
         ['selectionSortCE', 5.50625],
           ['insertionSort', 12.4421875],
                ['heapSort', 0.09375],
               ['mergeSort', 0.1078125],
               ['quickSort', 0.05625]]